      #Energy        TDOS
     -12.82453       0.00000
     -12.81853       0.00000
     -12.81253       0.00000
     -12.80653       0.00000
     -12.79953       0.00000
     -12.79353       0.00000
     -12.78753       0.00000
     -12.78153       0.00000
     -12.77453       0.00000
     -12.76853       0.00000
     -12.76253       0.00000
     -12.75653       0.00000
     -12.74953       0.00000
     -12.74353       0.00000
     -12.73753       0.00000
     -12.73153       0.00000
     -12.72453       0.00000
     -12.71853       0.00000
     -12.71253       0.00000
     -12.70553       0.00000
     -12.69953       0.00000
     -12.69353       0.00000
     -12.68753       0.00000
     -12.68053       0.00000
     -12.67453       0.00000
     -12.66853       0.00000
     -12.66253       0.00000
     -12.65553       0.00000
     -12.64953       0.00000
     -12.64353       0.00000
     -12.63753       0.00000
     -12.63053       0.00000
     -12.62453       0.00000
     -12.61853       0.00000
     -12.61253       0.00000
     -12.60553       0.00000
     -12.59953       0.00000
     -12.59353       0.00000
     -12.58753       0.00000
     -12.58053       0.00000
     -12.57453       0.00000
     -12.56853       0.00000
     -12.56253       0.00000
     -12.55553       0.00000
     -12.54953       0.00000
     -12.54353       0.00000
     -12.53753       0.00000
     -12.53053       0.00000
     -12.52453       0.00000
     -12.51853       0.00000
     -12.51253       0.00000
     -12.50553       0.00000
     -12.49953       0.00000
     -12.49353       0.00000
     -12.48753       0.00000
     -12.48053       0.00000
     -12.47453       0.00000
     -12.46853       0.00000
     -12.46153       0.00000
     -12.45553       0.00000
     -12.44953       0.00000
     -12.44353       0.00000
     -12.43653       0.00000
     -12.43053       0.00000
     -12.42453       0.00000
     -12.41853       0.00000
     -12.41153       0.00000
     -12.40553       0.00000
     -12.39953       0.00000
     -12.39353       0.00000
     -12.38653       0.00000
     -12.38053       0.00000
     -12.37453       0.00000
     -12.36853       0.00000
     -12.36153       0.00000
     -12.35553       0.00000
     -12.34953       0.00000
     -12.34353       0.00000
     -12.33653       0.00000
     -12.33053       0.00000
     -12.32453       0.00000
     -12.31853       0.00000
     -12.31153       0.00000
     -12.30553       0.00000
     -12.29953       0.00000
     -12.29353       0.00000
     -12.28653       0.00000
     -12.28053       0.00000
     -12.27453       0.00000
     -12.26853       0.00000
     -12.26153       0.00000
     -12.25553       0.00000
     -12.24953       0.00000
     -12.24353       0.00000
     -12.23653       0.00000
     -12.23053       0.00000
     -12.22453       0.00000
     -12.21853       0.00000
     -12.21153       0.00000
     -12.20553       0.00000
     -12.19953       0.00000
     -12.19253       0.00000
     -12.18653       0.00000
     -12.18053       0.00000
     -12.17453       0.00000
     -12.16753       0.00000
     -12.16153       0.00000
     -12.15553       0.00000
     -12.14953       0.00000
     -12.14253       0.00000
     -12.13653       0.00000
     -12.13053       0.00000
     -12.12453       0.00000
     -12.11753       0.00000
     -12.11153       0.00000
     -12.10553       0.00000
     -12.09953       0.00000
     -12.09253       0.00000
     -12.08653       0.00000
     -12.08053       0.00000
     -12.07453       0.00000
     -12.06753       0.00000
     -12.06153       0.00000
     -12.05553       0.00000
     -12.04953       0.00000
     -12.04253       0.00000
     -12.03653       0.00000
     -12.03053       0.00000
     -12.02453       0.00000
     -12.01753       0.00000
     -12.01153       0.00000
     -12.00553       0.00000
     -11.99953       0.00000
     -11.99253       0.00000
     -11.98653       0.00000
     -11.98053       0.00000
     -11.97453       0.00000
     -11.96753       0.00000
     -11.96153       0.00000
     -11.95553       0.00000
     -11.94853       0.00000
     -11.94253       0.00000
     -11.93653       0.00000
     -11.93053       0.00000
     -11.92353       0.00000
     -11.91753       0.00000
     -11.91153       0.00000
     -11.90553       0.00000
     -11.89853       0.00000
     -11.89253       0.00000
     -11.88653       0.00000
     -11.88053       0.00000
     -11.87353       0.00000
     -11.86753       0.00000
     -11.86153       0.00000
     -11.85553       0.00000
     -11.84853       0.00000
     -11.84253       0.00000
     -11.83653       0.00000
     -11.83053       0.00000
     -11.82353       0.00087
     -11.81753       0.04864
     -11.81153       0.14340
     -11.80553       0.17720
     -11.79853       0.19030
     -11.79253       0.22520
     -11.78653       0.26580
     -11.78053       0.29680
     -11.77353       0.30390
     -11.76753       0.31560
     -11.76153       0.33560
     -11.75553       0.35520
     -11.74853       0.37420
     -11.74253       0.39370
     -11.73653       0.41630
     -11.73053       0.43290
     -11.72353       0.44050
     -11.71753       0.45140
     -11.71153       0.46430
     -11.70553       0.47660
     -11.69853       0.48810
     -11.69253       0.50040
     -11.68653       0.51500
     -11.67953       0.53040
     -11.67353       0.54600
     -11.66753       0.56180
     -11.66153       0.57300
     -11.65453       0.57950
     -11.64853       0.58800
     -11.64253       0.59740
     -11.63653       0.60690
     -11.62953       0.61590
     -11.62353       0.62550
     -11.61753       0.63640
     -11.61153       0.64750
     -11.60453       0.65880
     -11.59853       0.67010
     -11.59253       0.68160
     -11.58653       0.69300
     -11.57953       0.70430
     -11.57353       0.71320
     -11.56753       0.71950
     -11.56153       0.72730
     -11.55453       0.73540
     -11.54853       0.74330
     -11.54253       0.75090
     -11.53653       0.75880
     -11.52953       0.76730
     -11.52353       0.77590
     -11.51753       0.78450
     -11.51153       0.79320
     -11.50453       0.80220
     -11.49853       0.81120
     -11.49253       0.82040
     -11.48653       0.82990
     -11.47953       0.83980
     -11.47353       0.84980
     -11.46753       0.85770
     -11.46153       0.86350
     -11.45453       0.87020
     -11.44853       0.87710
     -11.44253       0.88360
     -11.43653       0.88990
     -11.42953       0.89640
     -11.42353       0.90350
     -11.41753       0.91090
     -11.41053       0.91840
     -11.40453       0.92600
     -11.39853       0.93360
     -11.39253       0.94120
     -11.38553       0.94890
     -11.37953       0.95670
     -11.37353       0.96480
     -11.36753       0.97300
     -11.36053       0.98120
     -11.35453       0.98950
     -11.34853       0.99780
     -11.34253       1.00500
     -11.33553       1.01000
     -11.32953       1.01600
     -11.32353       1.02200
     -11.31753       1.02800
     -11.31053       1.03400
     -11.30453       1.04000
     -11.29853       1.04700
     -11.29253       1.05300
     -11.28553       1.06000
     -11.27953       1.06600
     -11.27353       1.07300
     -11.26753       1.08000
     -11.26053       1.08600
     -11.25453       1.09300
     -11.24853       1.10000
     -11.24253       1.10700
     -11.23553       1.11400
     -11.22953       1.12100
     -11.22353       1.12800
     -11.21753       1.13500
     -11.21053       1.14300
     -11.20453       1.15000
     -11.19853       1.15700
     -11.19253       1.16200
     -11.18553       1.16700
     -11.17953       1.17300
     -11.17353       1.17900
     -11.16653       1.18400
     -11.16053       1.19000
     -11.15453       1.19600
     -11.14853       1.20200
     -11.14153       1.20700
     -11.13553       1.21300
     -11.12953       1.21900
     -11.12353       1.22500
     -11.11653       1.23100
     -11.11053       1.23700
     -11.10453       1.24300
     -11.09853       1.25000
     -11.09153       1.25600
     -11.08553       1.26300
     -11.07953       1.26900
     -11.07353       1.27600
     -11.06653       1.28200
     -11.06053       1.28900
     -11.05453       1.29500
     -11.04853       1.30200
     -11.04153       1.30900
     -11.03553       1.31500
     -11.02953       1.32000
     -11.02353       1.32500
     -11.01653       1.33000
     -11.01053       1.33500
     -11.00453       1.34100
     -10.99853       1.34600
     -10.99153       1.35200
     -10.98553       1.35700
     -10.97953       1.36300
     -10.97353       1.36800
     -10.96653       1.37400
     -10.96053       1.38000
     -10.95453       1.38500
     -10.94853       1.39100
     -10.94153       1.39700
     -10.93553       1.40300
     -10.92953       1.40900
     -10.92353       1.41500
     -10.91653       1.42000
     -10.91053       1.42600
     -10.90453       1.43200
     -10.89753       1.43800
     -10.89153       1.44400
     -10.88553       1.45000
     -10.87953       1.45700
     -10.87253       1.46300
     -10.86653       1.46900
     -10.86053       1.47600
     -10.85453       1.63300
     -10.84753       1.73500
     -10.84153       1.65800
     -10.83553       1.66500
     -10.82953       1.67800
     -10.82253       1.68800
     -10.81653       1.64700
     -10.81053       1.62900
     -10.80453       1.62600
     -10.79753       1.62100
     -10.79153       1.61700
     -10.78553       1.61400
     -10.77953       1.61200
     -10.77253       1.59000
     -10.76653       1.57400
     -10.76053       1.56500
     -10.75453       1.55700
     -10.74753       1.54900
     -10.74153       1.54200
     -10.73553       1.53700
     -10.72953       1.53200
     -10.72253       1.52600
     -10.71653       1.52100
     -10.71053       1.50300
     -10.70453       1.48900
     -10.69753       1.48000
     -10.69153       1.47200
     -10.68553       1.46400
     -10.67953       1.45600
     -10.67253       1.44900
     -10.66653       1.44200
     -10.66053       1.43500
     -10.65353       1.59900
     -10.64753       1.70700
     -10.64153       1.64300
     -10.63553       1.67000
     -10.62853       1.69200
     -10.62253       1.71000
     -10.61653       1.68100
     -10.61053       1.68300
     -10.60353       1.69200
     -10.59753       1.70300
     -10.59153       1.71300
     -10.58553       1.72700
     -10.57853       1.73700
     -10.57253       1.72800
     -10.56653       1.73200
     -10.56053       1.73900
     -10.55353       1.74600
     -10.54753       1.75200
     -10.54153       1.76200
     -10.53553       1.76900
     -10.52853       1.77500
     -10.52253       1.78400
     -10.51653       1.78700
     -10.51053       1.78300
     -10.50353       1.78700
     -10.49753       1.79400
     -10.49153       1.80000
     -10.48553       1.80600
     -10.47853       1.81400
     -10.47253       1.82200
     -10.46653       1.83000
     -10.46053       1.83800
     -10.45353       1.84700
     -10.44753       1.85600
     -10.44153       1.86500
     -10.43553       1.86500
     -10.42853       1.86900
     -10.42253       1.87300
     -10.41653       1.87500
     -10.41053       1.87900
     -10.40353       1.88400
     -10.39753       1.89000
     -10.39153       1.89600
     -10.38453       1.90200
     -10.37853       1.90900
     -10.37253       1.91600
     -10.36653       1.92300
     -10.35953       1.93000
     -10.35353       1.93800
     -10.34753       1.94600
     -10.34153       1.94800
     -10.33453       1.95200
     -10.32853       1.95800
     -10.32253       1.96400
     -10.31653       1.96900
     -10.30953       1.97600
     -10.30353       1.98300
     -10.29753       1.99000
     -10.29153       1.99500
     -10.28453       2.00000
     -10.27853       2.00600
     -10.27253       2.01300
     -10.26653       2.01900
     -10.25953       2.02700
     -10.25353       2.03400
     -10.24753       2.04200
     -10.24153       2.05000
     -10.23453       2.05700
     -10.22853       2.06100
     -10.22253       2.06700
     -10.21653       2.07400
     -10.20953       2.08000
     -10.20353       2.08700
     -10.19753       2.09300
     -10.19153       2.10000
     -10.18453       2.10600
     -10.17853       2.11200
     -10.17253       2.11900
     -10.16653       2.12500
     -10.15953       2.13200
     -10.15353       2.14100
     -10.14753       2.14700
     -10.14153       2.15300
     -10.13453       2.16000
     -10.12853       2.16700
     -10.12253       2.17400
     -10.11553       2.18100
     -10.10953       2.18900
     -10.10353       2.19200
     -10.09753       2.19800
     -10.09053       2.20400
     -10.08453       2.21100
     -10.07853       2.21700
     -10.07253       2.22500
     -10.06553       2.23200
     -10.05953       2.24100
     -10.05353       2.24900
     -10.04753       2.25700
     -10.04053       2.26600
     -10.03453       2.27400
     -10.02853       2.28200
     -10.02253       2.29000
     -10.01553       2.29800
     -10.00953       2.30600
     -10.00353       2.31400
      -9.99753       2.32300
      -9.99053       2.33100
      -9.98453       2.53300
      -9.97853       2.38400
      -9.97253       2.38300
      -9.96553       2.39600
      -9.95953       2.38900
      -9.95353       2.40200
      -9.94753       2.41300
      -9.94053       2.42100
      -9.93453       2.41600
      -9.92853       2.42300
      -9.92253       2.43100
      -9.91553       2.43800
      -9.90953       2.44300
      -9.90353       2.47900
      -9.89753       2.49300
      -9.89053       2.50100
      -9.88453       2.51400
      -9.87853       2.52200
      -9.87153       2.52900
      -9.86553       2.53500
      -9.85953       2.54200
      -9.85353       2.54700
      -9.84653       2.54700
      -9.84053       2.54900
      -9.83453       2.55100
      -9.82853       2.55200
      -9.82153       2.55200
      -9.81553       2.55200
      -9.80953       3.06400
      -9.80353       2.75100
      -9.79653       2.75500
      -9.79053       2.69300
      -9.78453       2.69400
      -9.77853       2.69100
      -9.77153       2.69100
      -9.76553       2.66500
      -9.75953       2.66600
      -9.75353       2.66700
      -9.74653       2.66800
      -9.74053       2.66900
      -9.73453       2.65800
      -9.72853       2.66100
      -9.72153       2.66500
      -9.71553       2.66900
      -9.70953       2.67200
      -9.70353       2.67400
      -9.69653       2.67100
      -9.69053       2.67800
      -9.68453       2.68900
      -9.67853       2.70300
      -9.67153       2.73100
      -9.66553       2.76900
      -9.65953       2.79100
      -9.65353       2.82400
      -9.64653       2.84800
      -9.64053       3.01600
      -9.63453       3.05700
      -9.62853       3.05600
      -9.62153       3.06400
      -9.61553       3.09700
      -9.60953       3.09200
      -9.60253       3.10800
      -9.59653       3.13400
      -9.59053       3.16400
      -9.58453       3.18900
      -9.57753       3.23500
      -9.57153       3.23100
      -9.56553       3.26400
      -9.55953       3.26800
      -9.55253       3.52300
      -9.54653       3.47700
      -9.54053       3.45600
      -9.53453       3.43100
      -9.52753       3.53500
      -9.52153       3.75200
      -9.51553       3.87500
      -9.50953       3.84200
      -9.50253       3.76700
      -9.49653       3.79100
      -9.49053       3.58600
      -9.48453       3.62000
      -9.47753       3.65200
      -9.47153       3.67800
      -9.46553       3.68700
      -9.45953       3.67900
      -9.45253       3.70600
      -9.44653       3.75300
      -9.44053       3.82900
      -9.43453       3.56600
      -9.42753       3.52900
      -9.42153       3.48300
      -9.41553       3.46600
      -9.40953       3.45800
      -9.40253       3.45200
      -9.39653       3.41200
      -9.39053       3.41800
      -9.38453       3.42400
      -9.37753       3.42900
      -9.37153       3.43600
      -9.36553       3.44500
      -9.35853       3.45300
      -9.35253       3.45900
      -9.34653       3.55200
      -9.34053       3.51200
      -9.33353       3.48100
      -9.32753       3.45000
      -9.32153       3.39600
      -9.31553       3.35900
      -9.30853       3.33500
      -9.30253       3.32000
      -9.29653       3.30900
      -9.29053       3.30300
      -9.28353       3.32200
      -9.27753       3.34400
      -9.27153       3.34300
      -9.26553       3.34100
      -9.25853       3.31500
      -9.25253       3.30500
      -9.24653       3.29100
      -9.24053       3.27300
      -9.23353       3.24900
      -9.22753       3.23300
      -9.22153       3.25600
      -9.21553       3.27100
      -9.20853       3.26500
      -9.20253       3.31100
      -9.19653       3.22200
      -9.19053       3.20800
      -9.18353       3.20200
      -9.17753       3.19800
      -9.17153       3.19600
      -9.16553       3.18700
      -9.15853       3.18300
      -9.15253       3.18300
      -9.14653       3.14000
      -9.14053       3.12400
      -9.13353       3.11100
      -9.12753       3.10000
      -9.12153       3.08900
      -9.11553       3.08200
      -9.10853       3.07200
      -9.10253       3.06000
      -9.09653       3.04700
      -9.08953       3.02100
      -9.08353       3.00500
      -9.07753       2.98700
      -9.07153       2.99900
      -9.06453       3.00600
      -9.05853       3.00200
      -9.05253       2.99000
      -9.04653       2.98800
      -9.03953       3.00600
      -9.03353       3.08000
      -9.02753       3.07000
      -9.02153       3.04600
      -9.01453       3.01900
      -9.00853       2.98700
      -9.00253       2.95800
      -8.99653       2.92900
      -8.98953       2.90900
      -8.98353       2.89700
      -8.97753       2.88300
      -8.97153       2.87200
      -8.96453       2.86600
      -8.95853       2.86800
      -8.95253       2.87500
      -8.94653       2.89700
      -8.93953       2.92000
      -8.93353       2.87400
      -8.92753       2.85300
      -8.92153       2.83700
      -8.91453       2.82200
      -8.90853       2.80300
      -8.90253       2.78500
      -8.89653       2.76400
      -8.88953       2.74100
      -8.88353       2.73600
      -8.87753       2.74200
      -8.87153       2.73900
      -8.86453       2.72700
      -8.85853       2.71800
      -8.85253       2.71800
      -8.84653       2.73600
      -8.83953       2.71000
      -8.83353       2.70300
      -8.82753       2.75700
      -8.82053       2.72200
      -8.81453       2.67900
      -8.80853       2.65600
      -8.80253       2.63800
      -8.79553       2.62200
      -8.78953       2.60800
      -8.78353       2.59400
      -8.77753       2.58200
      -8.77053       2.56900
      -8.76453       2.55600
      -8.75853       2.54300
      -8.75253       2.62000
      -8.74553       2.61500
      -8.73953       2.60200
      -8.73353       2.57200
      -8.72753       2.52900
      -8.72053       2.51000
      -8.71453       2.50300
      -8.70853       2.51500
      -8.70253       2.54300
      -8.69553       2.57400
      -8.68953       2.60600
      -8.68353       2.53700
      -8.67753       2.50400
      -8.67053       2.47500
      -8.66453       2.44300
      -8.65853       2.42900
      -8.65253       2.43800
      -8.64553       2.42800
      -8.63953       2.41400
      -8.63353       2.40500
      -8.62753       2.40400
      -8.62053       2.40500
      -8.61453       2.38700
      -8.60853       2.37800
      -8.60253       2.37900
      -8.59553       2.38900
      -8.58953       2.36100
      -8.58353       2.38800
      -8.57653       2.35900
      -8.57053       2.33200
      -8.56453       2.30900
      -8.55853       2.28800
      -8.55153       2.27100
      -8.54553       2.25600
      -8.53953       2.24200
      -8.53353       2.23000
      -8.52653       2.21800
      -8.52053       2.20500
      -8.51453       2.19100
      -8.50853       2.17700
      -8.50153       2.16200
      -8.49553       2.14900
      -8.48953       2.13500
      -8.48353       2.12200
      -8.47653       2.11100
      -8.47053       2.10000
      -8.46453       2.09000
      -8.45853       2.07900
      -8.45153       2.06800
      -8.44553       2.09000
      -8.43953       2.19200
      -8.43353       2.13700
      -8.42653       2.07100
      -8.42053       2.10600
      -8.41453       2.15600
      -8.40853       2.21600
      -8.40153       2.13400
      -8.39553       2.06400
      -8.38953       2.06700
      -8.38353       2.06000
      -8.37653       2.03900
      -8.37053       2.02900
      -8.36453       2.02600
      -8.35853       2.00800
      -8.35153       1.99800
      -8.34553       1.99500
      -8.33953       1.99800
      -8.33353       1.97000
      -8.32653       1.96900
      -8.32053       1.98200
      -8.31453       1.98700
      -8.30753       1.94900
      -8.30153       1.92100
      -8.29553       1.89700
      -8.28953       1.87600
      -8.28253       1.85800
      -8.27653       1.84100
      -8.27053       1.82500
      -8.26453       1.80900
      -8.25753       1.79400
      -8.25153       1.78000
      -8.24553       1.76700
      -8.23953       1.75400
      -8.23253       1.73900
      -8.22653       1.72300
      -8.22053       1.70700
      -8.21453       1.69100
      -8.20753       1.67300
      -8.20153       1.65700
      -8.19553       1.64300
      -8.18953       1.62900
      -8.18253       1.61600
      -8.17653       1.60300
      -8.17053       1.59100
      -8.16453       1.57900
      -8.15753       1.56600
      -8.15153       1.55400
      -8.14553       1.54200
      -8.13953       1.53000
      -8.13253       1.51900
      -8.12653       1.50800
      -8.12053       1.49800
      -8.11453       1.48900
      -8.10753       1.53800
      -8.10153       1.58600
      -8.09553       1.69800
      -8.08953       1.59600
      -8.08253       1.62800
      -8.07653       1.59200
      -8.07053       1.59600
      -8.06353       1.56300
      -8.05753       1.55900
      -8.05153       1.56100
      -8.04553       1.52800
      -8.03853       1.52400
      -8.03253       1.52400
      -8.02653       1.53200
      -8.02053       1.49300
      -8.01353       1.45700
      -8.00753       1.42400
      -8.00153       1.39500
      -7.99553       1.36700
      -7.98853       1.34000
      -7.98253       1.31300
      -7.97653       1.28800
      -7.97053       1.26500
      -7.96353       1.24000
      -7.95753       1.21300
      -7.95153       1.18500
      -7.94553       1.15700
      -7.93853       1.12800
      -7.93253       1.09600
      -7.92653       1.06100
      -7.92053       1.02900
      -7.91353       1.00100
      -7.90753       0.97550
      -7.90153       0.95120
      -7.89553       0.92650
      -7.88853       0.90110
      -7.88253       0.87510
      -7.87653       0.84900
      -7.87053       0.82290
      -7.86353       0.79660
      -7.85753       0.76990
      -7.85153       0.74290
      -7.84553       0.71600
      -7.83853       0.68880
      -7.83253       0.66140
      -7.82653       0.62410
      -7.82053       0.60030
      -7.81353       0.57650
      -7.80753       0.55180
      -7.80153       0.51830
      -7.79453       0.48840
      -7.78853       0.45880
      -7.78253       0.42820
      -7.77653       0.39650
      -7.76953       0.36510
      -7.76353       0.54140
      -7.75753       0.57010
      -7.75153       0.53440
      -7.74453       0.40120
      -7.73853       0.36600
      -7.73253       0.33390
      -7.72653       0.30460
      -7.71953       0.28520
      -7.71353       0.26820
      -7.70753       0.25360
      -7.70153       0.24390
      -7.69453       0.23630
      -7.68853       0.23060
      -7.68253       0.22660
      -7.67653       0.22380
      -7.66953       0.22310
      -7.66353       0.22340
      -7.65753       0.22510
      -7.65153       0.22790
      -7.64453       0.23190
      -7.63853       0.23700
      -7.63253       0.24370
      -7.62653       0.25140
      -7.61953       0.26010
      -7.61353       0.27000
      -7.60753       0.28140
      -7.60153       0.29480
      -7.59453       0.31150
      -7.58853       0.32940
      -7.58253       0.34730
      -7.57653       0.36500
      -7.56953       0.38270
      -7.56353       0.40010
      -7.55753       0.41740
      -7.55153       0.43470
      -7.54453       0.45210
      -7.53853       0.46970
      -7.53253       0.48730
      -7.52553       0.50500
      -7.51953       0.52280
      -7.51353       0.54070
      -7.50753       0.55870
      -7.50053       0.57670
      -7.49453       0.59480
      -7.48853       0.61280
      -7.48253       0.63110
      -7.47553       0.64960
      -7.46953       0.66840
      -7.46353       0.68750
      -7.45753       0.70680
      -7.45053       0.72650
      -7.44453       0.74650
      -7.43853       0.76680
      -7.43253       0.78750
      -7.42553       0.80860
      -7.41953       0.83010
      -7.41353       0.85190
      -7.40753       0.87410
      -7.40053       0.89690
      -7.39453       0.92590
      -7.38853       0.94700
      -7.38253       1.27300
      -7.37553       1.40400
      -7.36953       1.31700
      -7.36353       1.29000
      -7.35753       1.31000
      -7.35053       1.32000
      -7.34453       1.38600
      -7.33853       1.50300
      -7.33253       1.38200
      -7.32553       1.32100
      -7.31953       1.28700
      -7.31353       1.27600
      -7.30753       1.27700
      -7.30053       1.28300
      -7.29453       1.29100
      -7.28853       1.29900
      -7.28153       1.30700
      -7.27553       1.31500
      -7.26953       1.32300
      -7.26353       1.33100
      -7.25653       1.34000
      -7.25053       1.34900
      -7.24453       1.35900
      -7.23853       1.36800
      -7.23153       1.37800
      -7.22553       1.38700
      -7.21953       1.39700
      -7.21353       1.40700
      -7.20653       1.41800
      -7.20053       1.43000
      -7.19453       1.44100
      -7.18853       1.45300
      -7.18153       1.46500
      -7.17553       1.47600
      -7.16953       1.48900
      -7.16353       1.50200
      -7.15653       1.51600
      -7.15053       1.53300
      -7.14453       1.54800
      -7.13853       1.56200
      -7.13153       1.57700
      -7.12553       1.59200
      -7.11953       1.61600
      -7.11353       1.63400
      -7.10653       1.65200
      -7.10053       1.67100
      -7.09453       1.69100
      -7.08853       1.71100
      -7.08153       1.73400
      -7.07553       1.75800
      -7.06953       1.78200
      -7.06353       1.80800
      -7.05653       1.83800
      -7.05053       1.87100
      -7.04453       1.90600
      -7.03853       1.94400
      -7.03153       1.99300
      -7.02553       2.03700
      -7.01953       2.10500
      -7.01253       2.21600
      -7.00653       3.10700
      -7.00053       2.14300
      -6.99453       2.07700
      -6.98753       2.06700
      -6.98153       2.06200
      -6.97553       2.06600
      -6.96953       2.07600
      -6.96253       2.08900
      -6.95653       2.10400
      -6.95053       2.12000
      -6.94453       2.13600
      -6.93753       2.15400
      -6.93153       2.17700
      -6.92553       2.19700
      -6.91953       2.21600
      -6.91253       2.23500
      -6.90653       2.25400
      -6.90053       2.27400
      -6.89453       2.31500
      -6.88753       2.34200
      -6.88153       2.37200
      -6.87553       2.40300
      -6.86953       2.43400
      -6.86253       2.83500
      -6.85653       2.99300
      -6.85053       3.02400
      -6.84453       3.16900
      -6.83753       3.39700
      -6.83153       3.64300
      -6.82553       3.83600
      -6.81953       3.89200
      -6.81253       3.97600
      -6.80653       4.17100
      -6.80053       4.29000
      -6.79453       4.52600
      -6.78753       4.63400
      -6.78153       4.88800
      -6.77553       4.94700
      -6.76953       4.94300
      -6.76253       5.16100
      -6.75653       5.45300
      -6.75053       5.65500
      -6.74353       6.30300
      -6.73753       6.44600
      -6.73153       6.65900
      -6.72553       7.01700
      -6.71853       8.50800
      -6.71253      10.40000
      -6.70653       8.91100
      -6.70053       8.25500
      -6.69353       7.66900
      -6.68753       7.15900
      -6.68153       6.77100
      -6.67553       6.40300
      -6.66853       6.05600
      -6.66253       5.87500
      -6.65653       5.73800
      -6.65053       5.69100
      -6.64353       5.44900
      -6.63753       5.29700
      -6.63153       5.27700
      -6.62553       4.95400
      -6.61853       4.82800
      -6.61253       4.73500
      -6.60653       4.64900
      -6.60053       4.56000
      -6.59353       4.47300
      -6.58753       4.39500
      -6.58153       4.33200
      -6.57553       4.27000
      -6.56853       4.20800
      -6.56253       4.14700
      -6.55653       4.09100
      -6.55053       4.04000
      -6.54353       3.99100
      -6.53753       3.94400
      -6.53153       3.89900
      -6.52553       3.85600
      -6.51853       3.81500
      -6.51253       3.77500
      -6.50653       3.74000
      -6.49953       3.70500
      -6.49353       3.66800
      -6.48753       3.62800
      -6.48153       3.59000
      -6.47453       3.55700
      -6.46853       3.53100
      -6.46253       3.50600
      -6.45653       3.48100
      -6.44953       3.45500
      -6.44353       3.42800
      -6.43753       3.40000
      -6.43153       3.37300
      -6.42453       3.34900
      -6.41853       3.32500
      -6.41253       3.30100
      -6.40653       3.27700
      -6.39953       3.25200
      -6.39353       3.22700
      -6.38753       3.20100
      -6.38153       3.18000
      -6.37453       3.15800
      -6.36853       3.13900
      -6.36253       3.11800
      -6.35653       3.10400
      -6.34953       3.08800
      -6.34353       3.07500
      -6.33753       3.08600
      -6.33153       3.08000
      -6.32453       3.04500
      -6.31853       3.01100
      -6.31253       2.98000
      -6.30653       2.95200
      -6.29953       2.92600
      -6.29353       2.91000
      -6.28753       2.91000
      -6.28153       2.90500
      -6.27453       2.89000
      -6.26853       2.86800
      -6.26253       2.81100
      -6.25653       2.74800
      -6.24953       2.72800
      -6.24353       2.71100
      -6.23753       2.69500
      -6.23053       2.67900
      -6.22453       2.66400
      -6.21853       2.65000
      -6.21253       2.63700
      -6.20553       2.62400
      -6.19953       2.61000
      -6.19353       2.59700
      -6.18753       2.58500
      -6.18053       2.57400
      -6.17453       2.56300
      -6.16853       2.55200
      -6.16253       2.54100
      -6.15553       2.52900
      -6.14953       2.51800
      -6.14353       2.50800
      -6.13753       2.49800
      -6.13053       2.48700
      -6.12453       2.47700
      -6.11853       2.46600
      -6.11253       2.45600
      -6.10553       2.44500
      -6.09953       2.43400
      -6.09353       2.42400
      -6.08753       2.42200
      -6.08053       2.41900
      -6.07453       2.41300
      -6.06853       2.39500
      -6.06253       2.37800
      -6.05553       2.36100
      -6.04953       2.34500
      -6.04353       2.33000
      -6.03753       2.31500
      -6.03053       2.30100
      -6.02453       2.28600
      -6.01853       2.27400
      -6.01253       2.26300
      -6.00553       2.25400
      -5.99953       2.24800
      -5.99353       2.24500
      -5.98653       2.24300
      -5.98053       2.24000
      -5.97453       2.23500
      -5.96853       2.22800
      -5.96153       2.22100
      -5.95553       2.21300
      -5.94953       2.20300
      -5.94353       2.19300
      -5.93653       2.16700
      -5.93053       2.13800
      -5.92453       2.12700
      -5.91853       2.11800
      -5.91153       2.11200
      -5.90553       2.10800
      -5.89953       2.10300
      -5.89353       2.09700
      -5.88653       2.09000
      -5.88053       2.07800
      -5.87453       2.06600
      -5.86853       2.05400
      -5.86153       2.04300
      -5.85553       2.03200
      -5.84953       2.02200
      -5.84353       2.01300
      -5.83653       2.00400
      -5.83053       1.99400
      -5.82453       1.98500
      -5.81853       1.97600
      -5.81153       1.96700
      -5.80553       1.95800
      -5.79953       1.95300
      -5.79353       1.94700
      -5.78653       1.94200
      -5.78053       1.93800
      -5.77453       1.93400
      -5.76853       1.93100
      -5.76153       1.92500
      -5.75553       1.91800
      -5.74953       1.91200
      -5.74353       1.90500
      -5.73653       1.89900
      -5.73053       1.89300
      -5.72453       1.88700
      -5.71753       1.88100
      -5.71153       1.87500
      -5.70553       1.88400
      -5.69953       1.87700
      -5.69253       1.86600
      -5.68653       1.85500
      -5.68053       1.84100
      -5.67453       1.82300
      -5.66753       1.80500
      -5.66153       1.78500
      -5.65553       1.77100
      -5.64953       1.73700
      -5.64253       1.73200
      -5.63653       1.72400
      -5.63053       1.71700
      -5.62453       1.71000
      -5.61753       1.70400
      -5.61153       1.69900
      -5.60553       1.69400
      -5.59953       1.69000
      -5.59253       1.68500
      -5.58653       1.68000
      -5.58053       1.67500
      -5.57453       1.67100
      -5.56753       1.66600
      -5.56153       1.66100
      -5.55553       1.65700
      -5.54953       1.65300
      -5.54253       1.64900
      -5.53653       1.64500
      -5.53053       1.64200
      -5.52453       1.63900
      -5.51753       1.63700
      -5.51153       1.63500
      -5.50553       1.63300
      -5.49953       1.65800
      -5.49253       1.65300
      -5.48653       1.64800
      -5.48053       1.64200
      -5.47453       1.63600
      -5.46753       1.63000
      -5.46153       1.62700
      -5.45553       1.62500
      -5.44853       1.62300
      -5.44253       1.57500
      -5.43653       1.57400
      -5.43053       1.57200
      -5.42353       1.56900
      -5.41753       1.56700
      -5.41153       1.56400
      -5.40553       1.56200
      -5.39853       1.55900
      -5.39253       1.55600
      -5.38653       1.55300
      -5.38053       1.54900
      -5.37353       1.54300
      -5.36753       1.53700
      -5.36153       1.53100
      -5.35553       1.52400
      -5.34853       1.51800
      -5.34253       1.51100
      -5.33653       1.50500
      -5.33053       1.50100
      -5.32353       1.49700
      -5.31753       1.49200
      -5.31153       1.48600
      -5.30553       1.48000
      -5.29853       1.47300
      -5.29253       1.46700
      -5.28653       1.45900
      -5.28053       1.46400
      -5.27353       1.45700
      -5.26753       1.44900
      -5.26153       1.44400
      -5.25553       1.43900
      -5.24853       1.43400
      -5.24253       1.42900
      -5.23653       1.42400
      -5.23053       1.42000
      -5.22353       1.41800
      -5.21753       1.39200
      -5.21153       1.38700
      -5.20453       1.38200
      -5.19853       1.37800
      -5.19253       1.37300
      -5.18653       1.36800
      -5.17953       1.36400
      -5.17353       1.35900
      -5.16753       1.35500
      -5.16153       1.35000
      -5.15453       1.34500
      -5.14853       1.34100
      -5.14253       1.33600
      -5.13653       1.33200
      -5.12953       1.32700
      -5.12353       1.32300
      -5.11753       1.31800
      -5.11153       1.31400
      -5.10453       1.30900
      -5.09853       1.30500
      -5.09253       1.30000
      -5.08653       1.29600
      -5.07953       1.29100
      -5.07353       1.28700
      -5.06753       1.28200
      -5.06153       1.27800
      -5.05453       1.27300
      -5.04853       1.26900
      -5.04253       1.26500
      -5.03653       1.26000
      -5.02953       1.25600
      -5.02353       1.25100
      -5.01753       1.24700
      -5.01153       1.24300
      -5.00453       1.23900
      -4.99853       1.23400
      -4.99253       1.23000
      -4.98653       1.22600
      -4.97953       1.22200
      -4.97353       1.21800
      -4.96753       1.21400
      -4.96153       1.21000
      -4.95453       1.20600
      -4.94853       1.20200
      -4.94253       1.19800
      -4.93553       1.19400
      -4.92953       1.19000
      -4.92353       1.18600
      -4.91753       1.18200
      -4.91053       1.17800
      -4.90453       1.17400
      -4.89853       1.17000
      -4.89253       1.16600
      -4.88553       1.16200
      -4.87953       1.15800
      -4.87353       1.15400
      -4.86753       1.15000
      -4.86053       1.14600
      -4.85453       1.14200
      -4.84853       1.13900
      -4.84253       1.13500
      -4.83553       1.13100
      -4.82953       1.12700
      -4.82353       1.12400
      -4.81753       1.12000
      -4.81053       1.11600
      -4.80453       1.11200
      -4.79853       1.10900
      -4.79253       1.10500
      -4.78553       1.10100
      -4.77953       1.09800
      -4.77353       1.09400
      -4.76753       1.09100
      -4.76053       1.08700
      -4.75453       1.08300
      -4.74853       1.08000
      -4.74253       1.07600
      -4.73553       1.07300
      -4.72953       1.06900
      -4.72353       1.06600
      -4.71753       1.06200
      -4.71053       1.05900
      -4.70453       1.05500
      -4.69853       1.05200
      -4.69153       1.04800
      -4.68553       1.04500
      -4.67953       1.04200
      -4.67353       1.03800
      -4.66653       1.03500
      -4.66053       1.03100
      -4.65453       1.02800
      -4.64853       1.02500
      -4.64153       1.02100
      -4.63553       1.01800
      -4.62953       1.01500
      -4.62353       1.01200
      -4.61653       1.00900
      -4.61053       1.00600
      -4.60453       1.00300
      -4.59853       0.99970
      -4.59153       0.99660
      -4.58553       0.99370
      -4.57953       0.99070
      -4.57353       0.98770
      -4.56653       0.98490
      -4.56053       0.98210
      -4.55453       0.97950
      -4.54853       0.97710
      -4.54153       0.97450
      -4.53553       0.97190
      -4.52953       0.96940
      -4.52353       0.96710
      -4.51653       0.96490
      -4.51053       0.96290
      -4.50453       0.96110
      -4.49853       0.95940
      -4.49153       0.95780
      -4.48553       0.95630
      -4.47953       0.95490
      -4.47353       0.95380
      -4.46653       0.95280
      -4.46053       0.95200
      -4.45453       0.95130
      -4.44853       0.95090
      -4.44153       0.95060
      -4.43553       0.95050
      -4.42953       0.95060
      -4.42253       0.95090
      -4.41653       0.95150
      -4.41053       0.95230
      -4.40453       0.95320
      -4.39753       0.95440
      -4.39153       0.95580
      -4.38553       0.95760
      -4.37953       0.95960
      -4.37253       0.96190
      -4.36653       0.96440
      -4.36053       0.96710
      -4.35453       0.97120
      -4.34753       0.97650
      -4.34153       0.98250
      -4.33553       0.98930
      -4.32953       0.99700
      -4.32253       1.00700
      -4.31653       1.07500
      -4.31053       1.25300
      -4.30453       1.45100
      -4.29753       1.66600
      -4.29153       1.87900
      -4.28553       2.08800
      -4.27953       2.27600
      -4.27253       2.38200
      -4.26653       2.45400
      -4.26053       2.51800
      -4.25453       2.57900
      -4.24753       2.53000
      -4.24153       2.48300
      -4.23553       2.42200
      -4.22953       2.42600
      -4.22253       2.43800
      -4.21653       2.45200
      -4.21053       2.46400
      -4.20453       2.49000
      -4.19753       2.52300
      -4.19153       2.57500
      -4.18553       2.64900
      -4.17953       2.78300
      -4.17253       2.90600
      -4.16653       3.00400
      -4.16053       3.09200
      -4.15353       3.13700
      -4.14753       3.12800
      -4.14153       3.03300
      -4.13553       3.06200
      -4.12853       3.11600
      -4.12253       3.26000
      -4.11653       3.35400
      -4.11053       3.44100
      -4.10353       3.51700
      -4.09753       3.60400
      -4.09153       3.69300
      -4.08553       3.83200
      -4.07853       3.91000
      -4.07253       4.00100
      -4.06653       4.44300
      -4.06053       4.79900
      -4.05353       4.97000
      -4.04753       4.99400
      -4.04153       5.19200
      -4.03553       4.89800
      -4.02853       4.94400
      -4.02253       4.96000
      -4.01653       4.95500
      -4.01053       4.97100
      -4.00353       4.98200
      -3.99753       5.01700
      -3.99153       5.03700
      -3.98553       5.25900
      -3.97853       5.37700
      -3.97253       5.24600
      -3.96653       5.08000
      -3.96053       4.98800
      -3.95353       4.95800
      -3.94753       4.91900
      -3.94153       4.86100
      -3.93553       4.83700
      -3.92853       4.82100
      -3.92253       4.80800
      -3.91653       4.76800
      -3.90953       4.76800
      -3.90353       4.76900
      -3.89753       4.70200
      -3.89153       4.67500
      -3.88453       4.66800
      -3.87853       4.65400
      -3.87253       4.63600
      -3.86653       4.61400
      -3.85953       4.59000
      -3.85353       4.55500
      -3.84753       4.53100
      -3.84153       4.50700
      -3.83453       4.48700
      -3.82853       4.48200
      -3.82253       4.47500
      -3.81653       4.48200
      -3.80953       4.47800
      -3.80353       4.47700
      -3.79753       4.48600
      -3.79153       4.50300
      -3.78453       4.53700
      -3.77853       4.61000
      -3.77253       4.56100
      -3.76653       4.53000
      -3.75953       4.38200
      -3.75353       4.35900
      -3.74753       4.32600
      -3.74153       4.30700
      -3.73453       4.28700
      -3.72853       4.26800
      -3.72253       4.24900
      -3.71653       4.22600
      -3.70953       4.19900
      -3.70353       4.16800
      -3.69753       4.13000
      -3.69153       4.09700
      -3.68453       4.07600
      -3.67853       4.07000
      -3.67253       4.06900
      -3.66653       4.10200
      -3.65953       4.09600
      -3.65353       4.09000
      -3.64753       4.08500
      -3.64053       4.07800
      -3.63453       4.07000
      -3.62853       4.06300
      -3.62253       4.05900
      -3.61553       4.05700
      -3.60953       4.05700
      -3.60353       4.06500
      -3.59753       4.05300
      -3.59053       4.07900
      -3.58453       4.09900
      -3.57853       4.11500
      -3.57253       4.14100
      -3.56553       4.15800
      -3.55953       4.17900
      -3.55353       4.20000
      -3.54753       4.22200
      -3.54053       4.27800
      -3.53453       4.38100
      -3.52853       4.39900
      -3.52253       4.39400
      -3.51553       4.46400
      -3.50953       4.39200
      -3.50353       4.37800
      -3.49753       4.35400
      -3.49053       4.33300
      -3.48453       4.31300
      -3.47853       4.28900
      -3.47253       4.26000
      -3.46553       4.25300
      -3.45953       4.26000
      -3.45353       4.25300
      -3.44753       4.23800
      -3.44053       4.21100
      -3.43453       4.19200
      -3.42853       4.17300
      -3.42253       4.15600
      -3.41553       4.13900
      -3.40953       4.11900
      -3.40353       4.10600
      -3.39653       4.09700
      -3.39053       4.11800
      -3.38453       4.13800
      -3.37853       4.16500
      -3.37153       4.19600
      -3.36553       4.22500
      -3.35953       4.25900
      -3.35353       4.29300
      -3.34653       4.29300
      -3.34053       4.28100
      -3.33453       4.27200
      -3.32853       4.26400
      -3.32153       4.25400
      -3.31553       4.23700
      -3.30953       4.22200
      -3.30353       4.21700
      -3.29653       4.21700
      -3.29053       4.23300
      -3.28453       4.26400
      -3.27853       4.30700
      -3.27153       4.35900
      -3.26553       4.62400
      -3.25953       4.36700
      -3.25353       4.40400
      -3.24653       4.43200
      -3.24053       4.45100
      -3.23453       4.47000
      -3.22853       4.48700
      -3.22153       4.50000
      -3.21553       4.50900
      -3.20953       4.52100
      -3.20353       4.53400
      -3.19653       4.54600
      -3.19053       4.54100
      -3.18453       4.53400
      -3.17853       4.54500
      -3.17153       4.55300
      -3.16553       4.55900
      -3.15953       4.56200
      -3.15353       4.56400
      -3.14653       4.56600
      -3.14053       4.57400
      -3.13453       4.58800
      -3.12753       4.60500
      -3.12153       4.62500
      -3.11553       4.65400
      -3.10953       4.68300
      -3.10253       4.71200
      -3.09653       4.74500
      -3.09053       4.78100
      -3.08453       4.81900
      -3.07753       4.85300
      -3.07153       4.88300
      -3.06553       4.91200
      -3.05953       4.95000
      -3.05253       4.99800
      -3.04653       5.05100
      -3.04053       5.08600
      -3.03453       5.10400
      -3.02753       5.10400
      -3.02153       5.08200
      -3.01553       5.06300
      -3.00953       5.05100
      -3.00253       5.03600
      -2.99653       5.02500
      -2.99053       5.00700
      -2.98453       4.98100
      -2.97753       4.96700
      -2.97153       4.99200
      -2.96553       5.00900
      -2.95953       4.99300
      -2.95253       4.99300
      -2.94653       5.01800
      -2.94053       5.01700
      -2.93453       4.93600
      -2.92753       4.89600
      -2.92153       4.94900
      -2.91553       5.06200
      -2.90953       5.21400
      -2.90253       5.37100
      -2.89653       5.52100
      -2.89053       5.79500
      -2.88453       5.63300
      -2.87753       5.66400
      -2.87153       5.67400
      -2.86553       5.63000
      -2.85853       5.57800
      -2.85253       5.62700
      -2.84653       5.45700
      -2.84053       5.16300
      -2.83353       4.95400
      -2.82753       4.96100
      -2.82153       4.97500
      -2.81553       5.00600
      -2.80853       5.17900
      -2.80253       5.40800
      -2.79653       5.67400
      -2.79053       5.81600
      -2.78353       6.33700
      -2.77753       6.24600
      -2.77153       6.12100
      -2.76553       6.05100
      -2.75853       6.12800
      -2.75253       6.28000
      -2.74653       6.35000
      -2.74053       6.41400
      -2.73353       6.71600
      -2.72753       6.73600
      -2.72153       6.70600
      -2.71553       6.64800
      -2.70853       6.49600
      -2.70253       6.46200
      -2.69653       6.35100
      -2.69053       6.27700
      -2.68353       6.21400
      -2.67753       6.12300
      -2.67153       6.04900
      -2.66553       5.99900
      -2.65853       5.96400
      -2.65253       6.01000
      -2.64653       6.08500
      -2.64053       6.05900
      -2.63353       5.93900
      -2.62753       5.88000
      -2.62153       5.84800
      -2.61453       5.84700
      -2.60853       5.88300
      -2.60253       5.91200
      -2.59653       5.92900
      -2.58953       5.95500
      -2.58353       5.94600
      -2.57753       5.92700
      -2.57153       5.92500
      -2.56453       5.98000
      -2.55853       6.13100
      -2.55253       6.30600
      -2.54653       6.53000
      -2.53953       6.80100
      -2.53353       7.04300
      -2.52753       7.34400
      -2.52153       7.54900
      -2.51453       6.50300
      -2.50853       5.93600
      -2.50253       5.72000
      -2.49653       5.61500
      -2.48953       5.54100
      -2.48353       5.48400
      -2.47753       5.43500
      -2.47153       5.39000
      -2.46453       5.36300
      -2.45853       5.34300
      -2.45253       5.35300
      -2.44653       5.37500
      -2.43953       5.39300
      -2.43353       5.41500
      -2.42753       5.43900
      -2.42153       5.47900
      -2.41453       5.52200
      -2.40853       5.54700
      -2.40253       5.57200
      -2.39653       5.59700
      -2.38953       5.62100
      -2.38353       5.64700
      -2.37753       5.67200
      -2.37153       5.68300
      -2.36453       5.68400
      -2.35853       5.74100
      -2.35253       5.82300
      -2.34553       5.95500
      -2.33953       5.90000
      -2.33353       5.85800
      -2.32753       5.82000
      -2.32053       5.78800
      -2.31453       5.75700
      -2.30853       5.72400
      -2.30253       5.69100
      -2.29553       5.65800
      -2.28953       5.63800
      -2.28353       5.63500
      -2.27753       5.64500
      -2.27053       5.65400
      -2.26453       5.64900
      -2.25853       5.64700
      -2.25253       5.66200
      -2.24553       5.70600
      -2.23953       5.77100
      -2.23353       5.92100
      -2.22753       5.99600
      -2.22053       6.04800
      -2.21453       6.03500
      -2.20853       6.03400
      -2.20253       6.04600
      -2.19553       6.00800
      -2.18953       5.92400
      -2.18353       5.87000
      -2.17753       5.86500
      -2.17053       5.84200
      -2.16453       5.81700
      -2.15853       5.81800
      -2.15253       5.78200
      -2.14553       5.73900
      -2.13953       5.68200
      -2.13353       5.62500
      -2.12753       5.58100
      -2.12053       5.58200
      -2.11453       5.52800
      -2.10853       5.47000
      -2.10153       5.41800
      -2.09553       5.37700
      -2.08953       5.36700
      -2.08353       5.36900
      -2.07653       5.46100
      -2.07053       5.32600
      -2.06453       5.32500
      -2.05853       5.35000
      -2.05153       5.37800
      -2.04553       5.43400
      -2.03953       5.41100
      -2.03353       5.39300
      -2.02653       5.37800
      -2.02053       5.35900
      -2.01453       5.33900
      -2.00853       5.48600
      -2.00153       5.29000
      -1.99553       5.25700
      -1.98953       5.25600
      -1.98353       5.35100
      -1.97653       5.25000
      -1.97053       5.22300
      -1.96453       5.19800
      -1.95853       5.15600
      -1.95153       5.11000
      -1.94553       5.06800
      -1.93953       5.02700
      -1.93353       5.05100
      -1.92653       5.11500
      -1.92053       5.38900
      -1.91453       5.17000
      -1.90853       5.14000
      -1.90153       5.07600
      -1.89553       5.01600
      -1.88953       4.96700
      -1.88353       4.78600
      -1.87653       4.82400
      -1.87053       4.95200
      -1.86453       4.97800
      -1.85853       5.07200
      -1.85153       5.13900
      -1.84553       5.18600
      -1.83953       5.27300
      -1.83253       5.27200
      -1.82653       5.55400
      -1.82053       5.34900
      -1.81453       5.31900
      -1.80753       5.28600
      -1.80153       5.34500
      -1.79553       5.26500
      -1.78953       5.19000
      -1.78253       5.14500
      -1.77653       5.11300
      -1.77053       5.07700
      -1.76453       5.04500
      -1.75753       5.07800
      -1.75153       5.12300
      -1.74553       5.16200
      -1.73953       5.18500
      -1.73253       5.24700
      -1.72653       5.15700
      -1.72053       5.15100
      -1.71453       5.12600
      -1.70753       5.12500
      -1.70153       5.13300
      -1.69553       5.05300
      -1.68953       5.03900
      -1.68253       5.03200
      -1.67653       5.03000
      -1.67053       4.97900
      -1.66453       4.97500
      -1.65753       5.07900
      -1.65153       4.96700
      -1.64553       4.94900
      -1.63953       4.94600
      -1.63253       4.94600
      -1.62653       4.95100
      -1.62053       4.95500
      -1.61453       4.92100
      -1.60753       4.92700
      -1.60153       5.02800
      -1.59553       5.06100
      -1.58953       5.05100
      -1.58253       5.04300
      -1.57653       5.03600
      -1.57053       5.02800
      -1.56353       5.01800
      -1.55753       5.09300
      -1.55153       5.07900
      -1.54553       5.07300
      -1.53853       5.08500
      -1.53253       5.03200
      -1.52653       5.03000
      -1.52053       4.96900
      -1.51353       4.96200
      -1.50753       4.95100
      -1.50153       4.94600
      -1.49553       4.95000
      -1.48853       4.95100
      -1.48253       4.94700
      -1.47653       4.94400
      -1.47053       4.96300
      -1.46353       5.00200
      -1.45753       4.94600
      -1.45153       4.91300
      -1.44553       4.86400
      -1.43853       4.82000
      -1.43253       4.79400
      -1.42653       4.77300
      -1.42053       5.10700
      -1.41353       4.81400
      -1.40753       4.79500
      -1.40153       4.73900
      -1.39553       4.73800
      -1.38853       4.75400
      -1.38253       4.73900
      -1.37653       4.72600
      -1.37053       4.66500
      -1.36353       4.73600
      -1.35753       4.64300
      -1.35153       4.63000
      -1.34553       4.61700
      -1.33853       4.60500
      -1.33253       5.16000
      -1.32653       5.76400
      -1.31953       5.75500
      -1.31353       5.81900
      -1.30753       5.27600
      -1.30153       4.84700
      -1.29453       4.65000
      -1.28853       4.42700
      -1.28253       4.28700
      -1.27653       4.28300
      -1.26953       4.16100
      -1.26353       4.20000
      -1.25753       3.91100
      -1.25153       3.78200
      -1.24453       3.65100
      -1.23853       3.56200
      -1.23253       3.50600
      -1.22653       3.45300
      -1.21953       3.48700
      -1.21353       3.45700
      -1.20753       3.47500
      -1.20153       3.33600
      -1.19453       3.06300
      -1.18853       4.13000
      -1.18253       3.66000
      -1.17653       3.89100
      -1.16953       4.09100
      -1.16353       4.31600
      -1.15753       5.10900
      -1.15153       4.45800
      -1.14453       4.39900
      -1.13853       4.33900
      -1.13253       4.35900
      -1.12653       4.41100
      -1.11953       4.46600
      -1.11353       4.83000
      -1.10753       4.62000
      -1.10153       4.73700
      -1.09453       4.34400
      -1.08853       3.81700
      -1.08253       3.30300
      -1.07653       3.25600
      -1.06953       3.20600
      -1.06353       3.16300
      -1.05753       3.12800
      -1.05053       3.09300
      -1.04453       3.05700
      -1.03853       3.02100
      -1.03253       2.98300
      -1.02553       2.94800
      -1.01953       2.92400
      -1.01353       2.97200
      -1.00753       2.93100
      -1.00053       2.85000
      -0.99453       2.81500
      -0.98853       2.78500
      -0.98253       2.75900
      -0.97553       2.73400
      -0.96953       2.70900
      -0.96353       2.68700
      -0.95753       2.66700
      -0.95053       2.64800
      -0.94453       2.62400
      -0.93853       2.60200
      -0.93253       2.58200
      -0.92553       2.56300
      -0.91953       2.54300
      -0.91353       2.52100
      -0.90753       2.49800
      -0.90053       2.47500
      -0.89453       2.44900
      -0.88853       2.41600
      -0.88253       2.59200
      -0.87553       2.39200
      -0.86953       2.36000
      -0.86353       2.33300
      -0.85753       2.31200
      -0.85053       2.28800
      -0.84453       2.26400
      -0.83853       2.24100
      -0.83253       2.21800
      -0.82553       2.19600
      -0.81953       2.17600
      -0.81353       2.15700
      -0.80653       2.14000
      -0.80053       2.12200
      -0.79453       2.09800
      -0.78853       2.07900
      -0.78153       2.06100
      -0.77553       2.04400
      -0.76953       2.02800
      -0.76353       2.01200
      -0.75653       1.99700
      -0.75053       1.98100
      -0.74453       1.96700
      -0.73853       1.95200
      -0.73153       1.97500
      -0.72553       1.95400
      -0.71953       1.91800
      -0.71353       1.88800
      -0.70653       1.86500
      -0.70053       1.85100
      -0.69453       1.84000
      -0.68853       1.82000
      -0.68153       1.79500
      -0.67553       1.77500
      -0.66953       1.75600
      -0.66353       1.73700
      -0.65653       1.72000
      -0.65053       1.70200
      -0.64453       1.68600
      -0.63853       1.67100
      -0.63153       1.65700
      -0.62553       1.64000
      -0.61953       1.62400
      -0.61353       1.61100
      -0.60653       1.59700
      -0.60053       1.58300
      -0.59453       1.56800
      -0.58853       1.55300
      -0.58153       1.53900
      -0.57553       1.52600
      -0.56953       1.51300
      -0.56353       1.50900
      -0.55653       1.53300
      -0.55053       1.51000
      -0.54453       1.47700
      -0.53753       1.45400
      -0.53153       1.43900
      -0.52553       1.42500
      -0.51953       1.41100
      -0.51253       1.38500
      -0.50653       1.36100
      -0.50053       1.34400
      -0.49453       1.32800
      -0.48753       1.31100
      -0.48153       1.29500
      -0.47553       1.28000
      -0.46953       1.26600
      -0.46253       1.25200
      -0.45653       1.24000
      -0.45053       1.22900
      -0.44453       1.21600
      -0.43753       1.20400
      -0.43153       1.19400
      -0.42553       1.18400
      -0.41953       1.17300
      -0.41253       1.16100
      -0.40653       1.15100
      -0.40053       1.14300
      -0.39453       1.13900
      -0.38753       1.13600
      -0.38153       1.14500
      -0.37553       1.14200
      -0.36953       1.10800
      -0.36253       1.05800
      -0.35653       1.03000
      -0.35053       1.01100
      -0.34453       0.99500
      -0.33753       0.98700
      -0.33153       0.97350
      -0.32553       0.96000
      -0.31953       0.94510
      -0.31253       0.93090
      -0.30653       0.91750
      -0.30053       0.90510
      -0.29453       0.89360
      -0.28753       0.88310
      -0.28153       0.87300
      -0.27553       0.87800
      -0.26853       0.88080
      -0.26253       0.86740
      -0.25653       0.84700
      -0.25053       0.80840
      -0.24353       0.77810
      -0.23753       0.76470
      -0.23153       0.75090
      -0.22553       0.73680
      -0.21853       0.72240
      -0.21253       0.70790
      -0.20653       0.75210
      -0.20053       0.71520
      -0.19353       0.69740
      -0.18753       0.70970
      -0.18153       0.69550
      -0.17553       0.67810
      -0.16853       0.65980
      -0.16253       0.63370
      -0.15653       0.57690
      -0.15053       0.55800
      -0.14353       0.53980
      -0.13753       0.52250
      -0.13153       0.51590
      -0.12553       0.50590
      -0.11853       0.49120
      -0.11253       0.47420
      -0.10653       0.45730
      -0.10053       0.41730
      -0.09353       0.38110
      -0.08753       0.35550
      -0.08153       0.44910
      -0.07553       0.45590
      -0.06853       0.42060
      -0.06253       0.36120
      -0.05653       0.30090
      -0.05053       0.23980
      -0.04353       0.18980
      -0.03753       0.17460
      -0.03153       0.15720
      -0.02453       0.12840
      -0.01853       0.08803
      -0.01253       0.03622
      -0.00653       0.00416
       0.00047       0.00000
       0.00647       0.00000
       0.01247       0.00000
       0.01847       0.00000
       0.02547       0.00000
       0.03147       0.00000
       0.03747       0.00000
       0.04347       0.00000
       0.05047       0.00000
       0.05647       0.00000
       0.06247       0.00000
       0.06847       0.00000
       0.07547       0.00000
       0.08147       0.00000
       0.08747       0.00000
       0.09347       0.00000
       0.10047       0.00000
       0.10647       0.00000
       0.11247       0.00000
       0.11847       0.00000
       0.12547       0.00000
       0.13147       0.00000
       0.13747       0.00000
       0.14347       0.00000
       0.15047       0.00000
       0.15647       0.00000
       0.16247       0.00000
       0.16847       0.00000
       0.17547       0.00000
       0.18147       0.00000
       0.18747       0.00000
       0.19347       0.00000
       0.20047       0.00000
       0.20647       0.00000
       0.21247       0.00000
       0.21847       0.00000
       0.22547       0.00000
       0.23147       0.00000
       0.23747       0.00000
       0.24447       0.00000
       0.25047       0.00000
       0.25647       0.00000
       0.26247       0.00000
       0.26947       0.00000
       0.27547       0.00000
       0.28147       0.00000
       0.28747       0.00000
       0.29447       0.00000
       0.30047       0.00000
       0.30647       0.00000
       0.31247       0.00000
       0.31947       0.00000
       0.32547       0.00000
       0.33147       0.00000
       0.33747       0.00000
       0.34447       0.00000
       0.35047       0.00000
       0.35647       0.00000
       0.36247       0.00000
       0.36947       0.00000
       0.37547       0.00000
       0.38147       0.00000
       0.38747       0.00000
       0.39447       0.00000
       0.40047       0.00000
       0.40647       0.00000
       0.41247       0.00000
       0.41947       0.00000
       0.42547       0.00000
       0.43147       0.00000
       0.43747       0.00000
       0.44447       0.00000
       0.45047       0.00000
       0.45647       0.00000
       0.46247       0.00000
       0.46947       0.00000
       0.47547       0.00000
       0.48147       0.00000
       0.48847       0.00000
       0.49447       0.00000
       0.50047       0.00000
       0.50647       0.00000
       0.51347       0.00000
       0.51947       0.00000
       0.52547       0.00000
       0.53147       0.00000
       0.53847       0.00000
       0.54447       0.00000
       0.55047       0.00000
       0.55647       0.00000
       0.56347       0.00000
       0.56947       0.00000
       0.57547       0.00000
       0.58147       0.00000
       0.58847       0.00000
       0.59447       0.00000
       0.60047       0.00000
       0.60647       0.00000
       0.61347       0.00253
       0.61947       0.01714
       0.62547       0.03737
       0.63147       0.06323
       0.63847       0.09393
       0.64447       0.12830
       0.65047       0.16550
       0.65647       0.20570
       0.66347       0.24870
       0.66947       0.30270
       0.67547       0.34870
       0.68147       0.38540
       0.68847       0.41840
       0.69447       0.45170
       0.70047       0.47540
       0.70647       0.49080
       0.71347       0.50320
       0.71947       0.52090
       0.72547       0.52400
       0.73147       0.51460
       0.73847       0.50280
       0.74447       0.50630
       0.75047       0.52790
       0.75747       0.56720
       0.76347       0.61180
       0.76947       0.65920
       0.77547       0.69330
       0.78247       0.72080
       0.78847       0.74170
       0.79447       0.75610
       0.80047       0.76400
       0.80747       0.77820
       0.81347       0.80540
       0.81947       0.83290
       0.82547       0.91960
       0.83247       1.51400
       0.83847       1.18900
       0.84447       1.14200
       0.85047       1.10700
       0.85747       1.09900
       0.86347       1.09300
       0.86947       1.09500
       0.87547       1.09800
       0.88247       1.09900
       0.88847       1.10000
       0.89447       1.10100
       0.90047       1.11000
       0.90747       1.11800
       0.91347       1.12000
       0.91947       1.12000
       0.92547       1.12900
       0.93247       1.14400
       0.93847       1.16500
       0.94447       1.19300
       0.95047       1.22200
       0.95747       1.24900
       0.96347       1.27300
       0.96947       1.29600
       0.97547       1.31500
       0.98247       1.32200
       0.98847       1.33300
       0.99447       1.35000
       1.00047       1.37200
       1.00747       1.39400
       1.01347       1.41400
       1.01947       1.46400
       1.02647       1.54500
       1.03247       1.61300
       1.03847       1.59600
       1.04447       1.61400
       1.05147       1.65500
       1.05747       1.70400
       1.06347       1.70800
       1.06947       1.71500
       1.07647       1.73100
       1.08247       1.74700
       1.08847       1.76700
       1.09447       1.75800
       1.10147       1.72200
       1.10747       1.68600
       1.11347       1.69500
       1.11947       1.71000
       1.12647       1.72700
       1.13247       1.74600
       1.13847       1.76700
       1.14447       1.78800
       1.15147       1.80400
       1.15747       1.82400
       1.16347       1.85600
       1.16947       1.85700
       1.17647       1.82000
       1.18247       1.80400
       1.18847       1.79500
       1.19447       1.79000
       1.20147       1.79700
       1.20747       1.80700
       1.21347       1.82000
       1.21947       1.83500
       1.22647       1.85400
       1.23247       1.87800
       1.23847       1.90800
       1.24447       1.94000
       1.25147       1.97200
       1.25747       2.00400
       1.26347       2.03500
       1.27047       2.06100
       1.27647       2.07600
       1.28247       2.09000
       1.28847       2.10200
       1.29547       2.10900
       1.30147       2.11800
       1.30747       2.12700
       1.31347       2.13600
       1.32047       2.14800
       1.32647       2.16100
       1.33247       2.18800
       1.33847       2.21500
       1.34547       2.22900
       1.35147       2.24300
       1.35747       2.25800
       1.36347       2.27100
       1.37047       2.28300
       1.37647       2.29100
       1.38247       2.29800
       1.38847       2.31000
       1.39547       2.32400
       1.40147       2.33800
       1.40747       2.35300
       1.41347       2.36900
       1.42047       2.37700
       1.42647       2.39300
       1.43247       2.40900
       1.43847       2.42300
       1.44547       2.43600
       1.45147       2.44900
       1.45747       2.46000
       1.46347       2.47900
       1.47047       2.49900
       1.47647       2.54000
       1.48247       2.56400
       1.48847       2.58500
       1.49547       2.60500
       1.50147       2.62800
       1.50747       2.64900
       1.51347       2.66700
       1.52047       2.68400
       1.52647       2.71400
       1.53247       2.79700
       1.53947       2.84800
       1.54547       2.95800
       1.55147       2.91200
       1.55747       2.86900
       1.56447       2.89200
       1.57047       2.91900
       1.57647       2.94300
       1.58247       2.96200
       1.58947       2.98100
       1.59547       3.03100
       1.60147       3.07100
       1.60747       3.08900
       1.61447       3.08700
       1.62047       3.09200
       1.62647       3.10800
       1.63247       3.12500
       1.63947       3.14600
       1.64547       3.16400
       1.65147       3.18700
       1.65747       3.21600
       1.66447       3.24100
       1.67047       3.26800
       1.67647       3.29600
       1.68247       3.33700
       1.68947       3.37000
       1.69547       3.40500
       1.70147       3.44200
       1.70747       3.46500
       1.71447       3.47800
       1.72047       3.50800
       1.72647       3.54000
       1.73247       3.57900
       1.73947       3.62200
       1.74547       3.66700
       1.75147       3.71800
       1.75747       3.77500
       1.76447       3.82400
       1.77047       3.87100
       1.77647       3.91600
       1.78347       3.95300
       1.78947       3.98200
       1.79547       4.01000
       1.80147       4.04400
       1.80847       4.07300
       1.81447       4.08600
       1.82047       4.08900
       1.82647       4.08300
       1.83347       4.06700
       1.83947       4.05000
       1.84547       4.04600
       1.85147       4.05900
       1.85847       4.07400
       1.86447       4.09700
       1.87047       4.12200
       1.87647       4.14900
       1.88347       4.17200
       1.88947       4.19400
       1.89547       4.21900
       1.90147       4.24500
       1.90847       4.27100
       1.91447       4.29700
       1.92047       4.32400
       1.92647       4.35300
       1.93347       4.39400
       1.93947       4.42500
       1.94547       4.46000
       1.95147       4.50100
       1.95847       4.54200
       1.96447       4.58200
       1.97047       4.62100
       1.97647       4.65900
       1.98347       4.69800
       1.98947       4.73400
       1.99547       4.77200
       2.00147       4.81000
       2.00847       4.83300
       2.01447       4.87200
       2.02047       4.91100
       2.02647       4.94800
       2.03347       4.98600
       2.03947       5.02300
       2.04547       5.06100
       2.05247       5.09800
       2.05847       5.13400
       2.06447       5.17300
       2.07047       5.25400
       2.07747       5.32900
       2.08347       5.38400
       2.08947       5.43200
       2.09547       5.48400
       2.10247       5.53600
       2.10847       5.60400
       2.11447       5.67600
       2.12047       5.73900
       2.12747       5.84500
       2.13347       5.92700
       2.13947       6.01700
       2.14547       6.11900
       2.15247       6.22000
       2.15847       6.34900
       2.16447       6.47800
       2.17047       6.54100
       2.17747       6.53800
       2.18347       6.52000
       2.18947       6.55100
       2.19547       6.57400
       2.20247       6.59000
       2.20847       6.69100
       2.21447       6.79700
       2.22047       6.68700
       2.22747       6.53400
       2.23347       6.50900
       2.23947       6.42800
       2.24547       6.92900
       2.25247       7.07800
       2.25847       7.01400
       2.26447       7.12000
       2.27047       7.10000
       2.27747       7.07300
       2.28347       7.04600
       2.28947       7.03400
       2.29547       6.95400
       2.30247       6.93300
       2.30847       6.90900
       2.31447       7.12500
       2.32147       7.40800
       2.32747       6.97600
       2.33347       6.73700
       2.33947       6.46000
       2.34647       6.42400
       2.35247       5.69300
       2.35847       5.65100
       2.36447       5.63500
       2.37147       5.63500
       2.37747       5.63600
       2.38347       5.66000
       2.38947       5.67400
       2.39647       5.69300
       2.40247       5.71500
       2.40847       5.71600
       2.41447       5.71900
       2.42147       5.69700
       2.42747       5.64200
       2.43347       5.56200
       2.43947       5.41200
       2.44647       5.37000
       2.45247       5.34100
       2.45847       5.42800
       2.46447       5.47000
       2.47147       5.51500
       2.47747       5.56300
       2.48347       5.99900
       2.48947       6.49600
       2.49647       6.62100
       2.50247       6.39300
       2.50847       6.15300
       2.51447       5.96300
       2.52147       5.85400
       2.52747       5.82200
       2.53347       5.80900
       2.53947       5.84500
       2.54647       5.95500
       2.55247       5.97200
       2.55847       5.85900
       2.56547       5.86700
       2.57147       5.86900
       2.57747       5.79500
       2.58347       5.71200
       2.59047       5.61600
       2.59647       5.53100
       2.60247       5.53100
       2.60847       5.46100
       2.61547       5.37100
       2.62147       5.32700
       2.62747       5.27500
       2.63347       5.21900
       2.64047       5.17400
       2.64647       5.14000
       2.65247       5.11400
       2.65847       5.09100
       2.66547       5.07800
       2.67147       5.05200
       2.67747       5.03000
       2.68347       5.07200
       2.69047       5.08700
       2.69647       5.09200
       2.70247       5.13100
       2.70847       5.11900
       2.71547       5.08900
       2.72147       5.05400
       2.72747       5.02000
       2.73347       4.99700
       2.74047       4.83500
       2.74647       4.75800
       2.75247       4.69200
       2.75847       4.62800
       2.76547       4.60000
       2.77147       4.57900
       2.77747       4.56200
       2.78347       4.54800
       2.79047       4.54100
       2.79647       4.53300
       2.80247       4.52800
       2.80847       4.52600
       2.81547       4.53200
       2.82147       4.53400
       2.82747       4.52400
       2.83447       4.51500
       2.84047       4.51800
       2.84647       4.47900
       2.85247       4.44800
       2.85947       4.42000
       2.86547       4.42700
       2.87147       4.42500
       2.87747       4.40600
       2.88447       4.39600
       2.89047       4.36600
       2.89647       4.26000
       2.90247       4.18900
       2.90947       4.13300
       2.91547       4.09100
       2.92147       4.05700
       2.92747       4.04100
       2.93447       4.06700
       2.94047       4.21900
       2.94647       4.17900
       2.95247       4.17100
       2.95947       4.16400
       2.96547       4.15700
       2.97147       4.16700
       2.97747       4.18000
       2.98447       4.18700
       2.99047       4.18900
       2.99647       4.18000
       3.00247       4.12300
       3.00947       4.03900
       3.01547       3.99500
       3.02147       3.95000
       3.02747       3.93000
       3.03447       3.89100
       3.04047       3.86100
       3.04647       3.85300
       3.05247       3.85000
       3.05947       3.82900
       3.06547       3.80700
       3.07147       3.78400
       3.07847       3.76100
       3.08447       3.73800
       3.09047       3.71400
       3.09647       3.68400
       3.10347       3.64600
       3.10947       3.60500
       3.11547       3.56600
       3.12147       3.54200
       3.12847       3.58100
       3.13447       3.64400
       3.14047       3.72100
       3.14647       3.81400
       3.15347       3.91800
       3.15947       4.05300
       3.16547       4.14500
       3.17147       4.48700
       3.17847       4.45600
       3.18447       4.53800
       3.19047       4.66900
       3.19647       4.93900
       3.20347       5.12700
       3.20947       5.28600
       3.21547       5.43700
       3.22147       5.68600
       3.22847       6.01000
       3.23447       6.33600
       3.24047       6.62300
       3.24647       6.90900
       3.25347       7.28700
       3.25947       8.74300
       3.26547       8.81700
       3.27147       8.98200
       3.27847       9.13500
       3.28447       9.28700
       3.29047       9.96300
       3.29647      10.02000
       3.30347      10.16000
       3.30947      10.11000
       3.31547      10.35000
       3.32147       9.90300
       3.32847       9.70400
       3.33447       9.40600
       3.34047       9.26200
       3.34747       9.23400
       3.35347       9.13900
       3.35947       8.91900
       3.36547       8.93200
       3.37247       8.60400
       3.37847       8.44900
       3.38447       8.29900
       3.39047       8.13300
       3.39747       8.00900
       3.40347       7.89900
       3.40947       7.85700
       3.41547       7.81700
       3.42247       7.73900
       3.42847       7.64800
       3.43447       7.53800
       3.44047       7.64100
       3.44747       7.34500
       3.45347       7.06700
       3.45947       6.85800
       3.46547       6.61100
       3.47247       6.38300
       3.47847       6.18100
       3.48447       6.03300
       3.49047       5.92500
       3.49747       5.80900
       3.50347       5.70100
       3.50947       5.60300
       3.51547       5.51500
       3.52247       5.44100
       3.52847       5.38300
       3.53447       5.42100
       3.54047       5.55200
       3.54747       5.59100
       3.55347       5.63600
       3.55947       5.79200
       3.56547       5.72300
       3.57247       5.69700
       3.57847       5.65800
       3.58447       5.62200
       3.59047       5.59600
       3.59747       5.57800
       3.60347       5.56100
       3.60947       5.57100
       3.61647       5.58000
       3.62247       5.59700
       3.62847       5.61900
       3.63447       5.68500
       3.64147       5.79400
       3.64747       5.84000
       3.65347       5.79600
       3.65947       5.69500
       3.66647       5.60600
       3.67247       5.53800
       3.67847       5.51600
       3.68447       5.50800
       3.69147       5.54400
       3.69747       5.63000
       3.70347       5.72400
       3.70947       5.81300
       3.71647       5.90700
       3.72247       6.00200
       3.72847       6.07900
       3.73447       6.11800
       3.74147       6.12100
       3.74747       6.12000
       3.75347       6.12400
       3.75947       6.12200
       3.76647       6.11000
       3.77247       6.08700
       3.77847       6.06200
       3.78447       6.08900
       3.79147       6.17300
       3.79747       6.33800
       3.80347       6.25700
       3.80947       5.87200
       3.81647       5.55400
       3.82247       5.25900
       3.82847       5.04000
       3.83447       5.07500
       3.84147       5.02900
       3.84747       5.14200
       3.85347       4.79200
       3.86047       4.70900
       3.86647       4.64200
       3.87247       4.59600
       3.87847       4.56200
       3.88547       4.53100
       3.89147       4.35300
       3.89747       4.26600
       3.90347       4.22700
       3.91047       4.21700
       3.91647       4.19400
       3.92247       4.17900
       3.92847       4.17300
       3.93547       4.17800
       3.94147       4.19000
       3.94747       4.17000
       3.95347       4.17500
       3.96047       4.12200
       3.96647       4.07000
       3.97247       4.05000
       3.97847       4.05700
       3.98547       4.03600
       3.99147       4.01400
       3.99747       3.98800
       4.00347       3.95900
       4.01047       3.93000
       4.01647       3.89600
       4.02247       3.86200
       4.02847       3.83700
       4.03547       3.80800
       4.04147       3.77000
       4.04747       3.73000
       4.05347       3.69100
       4.06047       3.65100
       4.06647       3.59500
       4.07247       3.54900
       4.07847       3.52500
       4.08547       3.49400
       4.09147       3.45200
       4.09747       3.41200
       4.10347       3.37600
       4.11047       3.38600
       4.11647       3.41700
       4.12247       3.42200
       4.12947       3.39900
       4.13547       3.30000
       4.14147       3.29500
       4.14747       3.28800
       4.15447       3.28100
       4.16047       3.27500
       4.16647       3.22500
       4.17247       3.20900
       4.17947       3.20200
       4.18547       3.09200
       4.19147       3.04200
       4.19747       3.00800
       4.20447       2.96800
       4.21047       2.92700
       4.21647       2.88800
       4.22247       2.85200
       4.22947       2.82000
       4.23547       2.78900
       4.24147       2.76700
       4.24747       2.78500
       4.25447       2.80600
       4.26047       2.82700
       4.26647       2.85000
       4.27247       2.87200
       4.27947       2.88000
       4.28547       2.88100
       4.29147       2.92000
       4.29747       2.83800
       4.30447       2.73000
       4.31047       2.66800
       4.31647       2.61900
       4.32247       2.56200
       4.32947       2.49700
       4.33547       2.42500
       4.34147       2.35600
       4.34747       2.29800
       4.35447       2.26500
       4.36047       2.23900
       4.36647       2.22200
       4.37347       2.20800
       4.37947       2.19800
       4.38547       2.19100
       4.39147       2.18600
       4.39847       2.18100
       4.40447       2.17800
       4.41047       2.16800
       4.41647       2.16000
       4.42347       2.15600
       4.42947       2.15800
       4.43547       2.14900
       4.44147       2.16400
       4.44847       2.16300
       4.45447       2.19100
       4.46047       2.21900
       4.46647       2.14600
       4.47347       2.08500
       4.47947       1.97800
       4.48547       1.89200
       4.49147       1.79700
       4.49847       1.70200
       4.50447       1.57700
       4.51047       1.45300
       4.51647       1.33000
       4.52347       1.20900
       4.52947       1.09200
       4.53547       0.97730
       4.54147       0.86920
       4.54847       0.77900
       4.55447       0.70410
       4.56047       0.65120
       4.56647       0.61560
       4.57347       0.55700
       4.57947       0.53600
       4.58547       0.51600
       4.59147       0.49730
       4.59847       0.48000
       4.60447       0.46520
       4.61047       0.45150
       4.61647       0.43820
       4.62347       0.42600
       4.62947       0.41430
       4.63547       0.40330
       4.64247       0.39220
       4.64847       0.37910
       4.65447       0.36080
       4.66047       0.34340
       4.66747       0.32680
       4.67347       0.31100
       4.67947       0.29890
       4.68547       0.29060
       4.69247       0.28210
       4.69847       0.27370
       4.70447       0.26520
       4.71047       0.25670
       4.71747       0.24810
       4.72347       0.23960
       4.72947       0.23090
       4.73547       0.22230
       4.74247       0.22320
       4.74847       0.22240
       4.75447       0.21740
       4.76047       0.21040
       4.76747       0.20370
       4.77347       0.19730
       4.77947       0.19120
       4.78547       0.18530
       4.79247       0.17970
       4.79847       0.17430
       4.80447       0.16930
       4.81047       0.16450
       4.81747       0.16000
       4.82347       0.15570
       4.82947       0.15120
       4.83547       0.14580
       4.84247       0.14060
       4.84847       0.13570
       4.85447       0.13110
       4.86047       0.12670
       4.86747       0.12250
       4.87347       0.11860
       4.87947       0.11500
       4.88547       0.11160
       4.89247       0.07991
       4.89847       0.04451
       4.90447       0.03670
       4.91147       0.02911
       4.91747       0.02174
       4.92347       0.01461
       4.92947       0.00770
       4.93647       0.00101
       4.94247       0.00000
       4.94847       0.00000
       4.95447       0.00000
       4.96147       0.00000
       4.96747       0.00000
       4.97347       0.00000
       4.97947       0.00000
       4.98647       0.00000
       4.99247       0.00000
       4.99847       0.00000
       5.00447       0.00000
       5.01147       0.00000
       5.01747       0.00000
       5.02347       0.00000
       5.02947       0.00000
       5.03647       0.00000
       5.04247       0.00000
       5.04847       0.00000
       5.05447       0.00000
       5.06147       0.00000
       5.06747       0.00000
       5.07347       0.00000
       5.07947       0.00000
       5.08647       0.00000
       5.09247       0.00000
       5.09847       0.00000
       5.10447       0.00000
       5.11147       0.00000
       5.11747       0.00000
       5.12347       0.00000
       5.12947       0.00000
       5.13647       0.00000
       5.14247       0.00000
       5.14847       0.00000
       5.15547       0.00000
       5.16147       0.00000
       5.16747       0.00000
       5.17347       0.00000
       5.18047       0.00000
       5.18647       0.00000
       5.19247       0.00000
       5.19847       0.00000
       5.20547       0.00000
       5.21147       0.00000
       5.21747       0.00000
       5.22347       0.00000
       5.23047       0.00000
       5.23647       0.00000
       5.24247       0.00000
       5.24847       0.00000
       5.25547       0.00000
       5.26147       0.00000
       5.26747       0.00000
       5.27347       0.00000
       5.28047       0.00000
       5.28647       0.00000
       5.29247       0.00000
       5.29847       0.00000
       5.30547       0.00000
       5.31147       0.00000
       5.31747       0.00000
       5.32347       0.00000
       5.33047       0.00000
       5.33647       0.00000
       5.34247       0.00000
       5.34847       0.00000
       5.35547       0.00000
       5.36147       0.00000
       5.36747       0.00000
       5.37347       0.00000
       5.38047       0.00000
       5.38647       0.00000
       5.39247       0.00000
       5.39847       0.00000
       5.40547       0.00000
       5.41147       0.00000
       5.41747       0.00000
       5.42447       0.00000
       5.43047       0.00000
       5.43647       0.00000
       5.44247       0.00000
       5.44947       0.00000
       5.45547       0.00000
       5.46147       0.00000
       5.46747       0.00000
       5.47447       0.00000
       5.48047       0.00000
       5.48647       0.00000
       5.49247       0.00000
       5.49947       0.00000
       5.50547       0.00000
       5.51147       0.00000
       5.51747       0.00000
       5.52447       0.00000
       5.53047       0.00000
       5.53647       0.00000
       5.54247       0.00000
       5.54947       0.00000
       5.55547       0.00000
       5.56147       0.00000
       5.56747       0.00000
       5.57447       0.00000
       5.58047       0.00000
       5.58647       0.00000
       5.59247       0.00000
       5.59947       0.00000
       5.60547       0.00000
       5.61147       0.00000
       5.61747       0.00000
       5.62447       0.00000
       5.63047       0.00000
       5.63647       0.00000
       5.64247       0.00000
       5.64947       0.00000
       5.65547       0.00000
       5.66147       0.00000
       5.66747       0.00000
       5.67447       0.00000
       5.68047       0.00000
       5.68647       0.00000
       5.69347       0.00000
       5.69947       0.00000
       5.70547       0.00000
       5.71147       0.00000
       5.71847       0.00000
       5.72447       0.00000
       5.73047       0.00000
       5.73647       0.00000
       5.74347       0.00000
       5.74947       0.00000
       5.75547       0.00000
       5.76147       0.00000
       5.76847       0.00000
       5.77447       0.00000
       5.78047       0.00000
       5.78647       0.00000
       5.79347       0.00000
       5.79947       0.00000
       5.80547       0.00000
       5.81147       0.00000
       5.81847       0.00000
       5.82447       0.00000
       5.83047       0.00000
       5.83647       0.00000
       5.84347       0.00000
       5.84947       0.00000
       5.85547       0.00000
       5.86147       0.00000
       5.86847       0.00000
       5.87447       0.00000
       5.88047       0.00000
       5.88647       0.00000
       5.89347       0.00000
       5.89947       0.00000
       5.90547       0.00000
       5.91147       0.00000
       5.91847       0.00000
       5.92447       0.00000
       5.93047       0.00000
       5.93747       0.00000
